7.651519362580835,3.1341569161857206,6.138901306524053,2.2491643608244294,Iris-virginica
4.893816508404157,2.98187154492541,2.2997813422841062,0.7267259452640664,Iris-setosa
6.140117965981959,3.0453411808488293,4.332449962013986,1.437472973580276,Iris-setosa
6.711288840857016,2.3002596118577134,6.525927557428244,2.4050380808412264,Iris-virginica
5.905163601267262,3.1220647273515114,3.8097235268414016,1.3106516807109145,Iris-versicolor
6.130371846795111,2.9937970415352066,4.719526518491526,1.4520490362861471,Iris-virginica
6.147404493200453,3.2920841688026163,4.355897134520915,1.454323549823707,Iris-virginica
6.723680378972132,2.8582432530703223,5.6932486570044665,2.214343559570847,Iris-virginica
6.104879827996901,2.2887711379511373,5.382088129636925,2.1057448939168073,Iris-virginica
4.840938820608329,3.302013958219878,1.6261992491276644,0.353154528223943,Iris-setosa
6.456855379438502,2.7596594477650846,4.656052902429146,1.5717785035326934,Iris-virginica
5.1351722133470545,3.3111909578211005,2.1141431983965333,0.48917542391557145,Iris-setosa
6.047192968915848,3.1527444803959916,3.8580799745859706,1.3935311547884686,Iris-virginica
6.772648226171133,3.237599463054994,4.860958348994732,1.6698369675391547,Iris-versicolor
6.859786838818106,2.8416906286436334,4.953181262064639,1.7385026449960035,Iris-versicolor
6.75255372459918,3.2320814047083752,5.105791164096141,1.9304433611925202,Iris-virginica
6.6275198313207335,2.5980312810479966,6.49622351263754,2.3135464513571,Iris-virginica
6.890206538677204,2.6982034286577763,5.740020603926014,2.242216748484249,Iris-virginica
6.132376551651122,2.545881417373846,4.773402826050375,1.4695379698519535,Iris-virginica
5.496222657543055,2.246861601135028,4.038237862862895,1.0647634339818128,Iris-virginica
5.483013443987414,3.1201842682613563,3.0785997369517686,0.7378897189238928,Iris-versicolor
5.778943081484066,3.2035099790752506,3.5515632567818964,0.93012028022098,Iris-setosa
5.455571173133032,2.8051639416392664,4.961289329038508,2.0876119616042788,Iris-versicolor
5.161506236204002,3.50892503176562,1.9835923674021243,0.25934563129277977,Iris-setosa
6.025019591465128,3.8450042796201265,4.026799594153765,1.2562995347764858,Iris-versicolor
5.7734170719670646,3.129363893586219,3.0827689348038425,1.1971238523542715,Iris-setosa
6.330206739691637,3.9102126654177107,3.610790576804205,1.013750980365216,Iris-setosa
4.666153666436175,2.8544245159588453,2.5760437827368525,1.0534616477668604,Iris-setosa
5.887808917658764,3.650034372183487,3.4737218167944,1.3546171528334692,Iris-versicolor
5.85739964541946,2.566220972111876,4.661652709485435,1.676323076276013,Iris-virginica
7.115905452355665,3.169019482179623,5.658805933551357,1.8531351545259387,Iris-virginica
7.568433129238272,3.1685864722212873,6.621703792156309,2.3997542348599685,Iris-virginica
5.824559123553466,3.614079706092298,2.822783322203189,0.8720395133926868,Iris-versicolor
6.904456824560429,2.9842824264745804,5.385027078167585,1.8192371497333806,Iris-virginica
6.046202190449066,3.013208642754952,4.73009610902673,1.5514215098204072,Iris-virginica
4.896537110833728,2.926465350910841,2.6744504947857513,0.8472991334112772,Iris-setosa
5.019013310445851,3.3098472058771926,2.4002126783337285,1.0229720364756545,Iris-setosa
6.1107306071977066,2.3254482012307607,4.280181980618243,1.2458215029937507,Iris-versicolor
5.9365697409393325,3.56202589699818,3.8863762511531377,1.335106806730598,Iris-versicolor
4.4977309615175685,3.1459050840773615,1.0729000494370045,0.11833480042996691,Iris-setosa
6.302510084604954,2.8572740218221018,3.7839751985486236,1.1648270480389882,Iris-setosa
4.558427363082994,3.0061362476159625,1.3214796469090913,0.20510755348387588,Iris-setosa
7.456563200244966,3.265286116129805,6.478429017940946,2.436336837879814,Iris-virginica
6.3609885598250555,3.501030146906476,3.048452237516814,0.9325802225058721,Iris-versicolor
5.3394139104421345,2.3906741164363234,3.3816675305326362,0.8697700056756734,Iris-versicolor
5.766393933274071,3.0753924570678994,3.1677029103600667,0.8529968423487604,Iris-versicolor
5.34487568325299,3.0166973211870176,3.5008906000550932,1.1253643440734629,Iris-versicolor
4.8345535210273445,3.6798032295982512,1.2841110819218815,0.22381156706828476,Iris-setosa
6.493247915181329,3.3572436360169955,3.933016163141886,1.2907559456612225,Iris-versicolor
5.989651436999333,2.8284928585310114,3.7454548895396744,1.3893152895112633,Iris-versicolor
5.368130875039397,2.5158456039213717,4.0761129724042675,1.5713265459880679,Iris-virginica
5.855018897658414,2.439905617626965,4.000107126665972,1.238518636417208,Iris-versicolor
6.742388174712484,2.0264435032805213,6.5075466525361385,2.3373008393405788,Iris-virginica
6.57879191977293,2.9826173065958677,4.585120379816558,1.8068954308328196,Iris-virginica
5.08402924163921,3.124167723431891,2.7732232877214704,0.8970850764259911,Iris-setosa
6.272386834592442,3.3659015372781496,4.533568260645771,1.6687592411776717,Iris-versicolor
5.7091667608329315,2.459129466377672,5.554503597929583,2.02483640255973,Iris-virginica
5.171516502283063,2.088444455788553,3.767166613761164,1.243292575572596,Iris-versicolor
5.869226343860313,3.596960075921518,2.843883407390236,0.9325581219919398,Iris-setosa
5.709435949175362,2.676881563151885,3.9936927425061293,1.1920577940876014,Iris-versicolor
4.694311450807082,3.2165005037176337,2.410741119218539,1.0111969063921318,Iris-setosa
4.945134107328038,3.653711383721746,2.0994840613240067,0.7681319722720352,Iris-setosa
5.802041637656182,2.548306220172194,4.35207673680456,1.5610755423856537,Iris-virginica
7.325854489079043,3.6227038959889453,5.1008618587747945,1.9478613754523404,Iris-virginica
4.2597180933565575,2.7341811265971314,1.0241784733183845,0.11148542991255939,Iris-setosa
5.640333597780644,2.7471462218182503,4.302073042035205,1.458377806490195,Iris-versicolor
6.76399382697465,2.9473008649653782,5.839694374153224,1.9997510117792556,Iris-virginica
5.525494008150618,3.575495739872688,2.3344650268764635,0.537886256009609,Iris-setosa
6.190919999167542,2.7458964640052894,5.250980208357614,1.7392360142893728,Iris-virginica
7.006946312595106,3.513456420790827,5.501808941087261,1.7827113483924735,Iris-virginica
4.605184819271125,2.595605586762744,1.9226998279855996,0.4572552161142942,Iris-setosa
6.222197146192817,2.6285388273321026,4.593902779817414,1.547321605907206,Iris-versicolor
4.8548741771326505,3.2618643010286203,1.5256478954568653,0.4141469556130104,Iris-setosa
6.480581946225033,2.6830778973670717,5.122169699906682,1.6434677408641158,Iris-versicolor
5.9172131787096145,3.298039966851494,2.850162540962229,0.7706697525398076,Iris-setosa
6.36477162135686,3.6362148762198925,3.793870225906218,1.1810631983212576,Iris-versicolor
4.8250581579029035,3.512254824396359,1.9821474705739097,0.6507812822609413,Iris-setosa
5.406656354600598,2.896410164362839,3.017193780565136,0.6816871496186806,Iris-setosa
5.724827224359177,3.0257572122941494,3.6993763294985147,1.0048371057305248,Iris-versicolor
6.1115007158757635,2.603331572483191,4.819259386428783,1.8279377370244692,Iris-virginica
5.581857016132511,2.6575093986434077,3.8540152847505107,0.9121085496452666,Iris-setosa
6.8959663942942,2.9508056953492683,5.7319802382430645,2.017338239008758,Iris-virginica
5.585809597184195,2.965486293893057,4.162162689840079,1.3950864256300517,Iris-versicolor
5.7281981697797955,2.4984696958038546,3.7389293942511257,1.0870626466297382,Iris-versicolor
5.0887842911524865,2.5132204975201695,3.605316457375801,0.7915359884489095,Iris-versicolor
5.6203261397723825,3.279236364230859,2.7567286625774496,0.8969214661425694,Iris-setosa
5.161626599726367,3.726417612234334,2.4754014933388673,0.7906851773904354,Iris-setosa
5.594617463340187,3.0712264523498876,3.703152020326178,0.8153136601524997,Iris-setosa
6.775228009161688,3.537507692473155,4.229649701656021,1.5644059317179049,Iris-versicolor
7.498769172830899,3.2420710400419255,6.463882127723872,2.279811400799871,Iris-virginica
6.053369460713139,3.3288048202212934,2.9613122611627327,0.9422020502888113,Iris-setosa
4.979831587479095,2.413856208423195,2.882578749824611,0.5546241420701526,Iris-setosa
6.022192285816666,3.1380517301375717,3.5480777502111156,1.2924694389205476,Iris-versicolor
5.891275207346838,2.9718499058584342,4.702717430817824,1.602905249753163,Iris-versicolor
7.164739474266001,3.0778345943981416,5.759342645656046,2.068580079841994,Iris-virginica
5.527178350956568,3.3866895524519367,2.919804390378987,0.6675457892946404,Iris-setosa
4.264831979257645,3.08705795242883,1.0070823268606732,0.11879179689189434,Iris-setosa
7.393412055945734,3.2478677549466353,5.475366698163399,2.046165239259257,Iris-virginica
5.935370097015257,3.4759326325910203,3.791313877122839,1.6562838321687514,Iris-versicolor
5.578354973614288,2.5112469797322063,4.029982188060215,1.314753922653861,Iris-virginica
