6.927672414359339,3.0974986428911744,5.272820814348806,1.8169268345487883,Iris-virginica
5.925119416425722,3.4603482830540955,2.780945740099053,0.8671158527499319,Iris-versicolor
7.118027408610416,4.139647039367495,4.93832038829364,1.6590643822719036,Iris-virginica
6.356433762595731,3.345402574351372,5.722653215307947,2.2471629009235965,Iris-virginica
5.688665930343994,2.6179046891719113,3.6245863523147746,1.3465304469909434,Iris-versicolor
4.4108579914114685,3.946187525294253,1.0720632460148014,0.12205322817257391,Iris-setosa
6.450471655476697,2.7603710434067064,4.931805512806729,1.810320995360411,Iris-versicolor
4.503111308539295,2.18245838335733,2.321341625977883,0.7107187365275678,Iris-setosa
6.341035238631667,3.5916470644107505,4.038172370651677,1.2003208287790537,Iris-versicolor
7.061356895180133,2.749341928320502,5.166577850025203,1.547252980613405,Iris-virginica
5.469356307500177,2.6795808974591817,3.7259082424114878,1.3549894602185022,Iris-versicolor
6.166536110055412,2.8910152708596653,4.1176548829417285,1.7050419118118632,Iris-versicolor
7.238469960129407,2.513584124386455,6.179353083832176,2.167300335612591,Iris-virginica
6.506723302576172,3.3342422662304356,4.13087753567531,1.121531404113429,Iris-versicolor
5.377435034877324,2.4854521243401875,4.965019584729784,1.7376321961590666,Iris-versicolor
5.3040944042627425,3.5685403401512104,2.4001947966655792,0.5326734373176323,Iris-setosa
6.728097236845443,2.9668999240066514,5.709878040676388,1.914970063138259,Iris-virginica
4.409905063045519,3.110057111981226,1.3916083324069763,0.2479627375543212,Iris-setosa
5.502376069787875,2.740199765389261,2.693494019644069,0.5595683213965024,Iris-setosa
4.708206268984916,2.799267253931199,2.1443802954643836,0.5733842618056602,Iris-setosa
6.267110777128789,2.1746393822256764,5.516875417517101,1.8464884842669846,Iris-versicolor
5.496578389586581,3.080282641457511,2.449294253637169,0.523803142352089,Iris-setosa
6.195072448766085,3.081214665404063,3.6147948076412804,1.252815721861295,Iris-versicolor
5.082493415328433,2.934210742799189,3.4134687734998854,1.243380463239591,Iris-versicolor
5.7223417517880435,4.462065217323657,1.5810949820327846,0.3209465699707178,Iris-setosa
5.187768922409565,3.423610032186834,2.533799744356197,0.46759396607849124,Iris-setosa
5.419794220442639,2.9358596253691402,3.314969032124514,1.0218010762764542,Iris-versicolor
4.978726417878717,2.6611481244285877,3.3652523924104747,0.9327435311677376,Iris-versicolor
6.554610202148738,2.9266675665408592,4.936666893872866,1.9449513854195641,Iris-virginica
7.336671474336247,2.48565146023209,6.003891294533723,2.159014122168299,Iris-virginica
4.922698465776994,3.0308727326030573,2.5301536728069403,0.813642582099275,Iris-setosa
5.144720584123378,3.139969279522284,2.633924167740097,0.6175402599901151,Iris-setosa
6.308170378275664,2.954604726601368,3.973084905888559,1.4530687008649978,Iris-versicolor
7.202572694601965,2.9804375514299015,5.102036695376938,1.5450576753315242,Iris-virginica
5.580351843466856,4.104614691712412,2.5739116903662285,0.5750847559498862,Iris-setosa
7.582607378276787,3.195050654306006,6.338651650635963,2.3457795052446393,Iris-virginica
5.920634693523284,2.943596847467105,3.105369912699704,0.6793035025261078,Iris-setosa
5.294519624802909,3.389395311944942,2.8042058110187993,0.7473962057285615,Iris-setosa
5.212529454341785,2.946683597368927,2.682462915887708,0.8560375125590269,Iris-setosa
4.887635798766661,3.342969990910173,1.8715536746611363,0.576112505077368,Iris-setosa
7.69371570957342,3.3390989417006725,5.9183252832447035,2.064796972562144,Iris-virginica
5.411087053195285,2.7044045633258262,4.201579263814278,1.1384093345588981,Iris-versicolor
4.712336889104126,3.7095610994038726,1.6501928260954384,0.5009006400413734,Iris-setosa
5.438339632656877,2.7721956867145923,4.277138201799955,1.6351101000588748,Iris-virginica
4.993676907621212,2.962514885356565,2.88779366737229,0.911425140183499,Iris-versicolor
5.932441621548625,3.5335757627060507,2.9870633392648256,0.9884079753675284,Iris-setosa
6.8975449594258755,2.7606780263696913,5.988673077084417,2.3143986366167706,Iris-virginica
6.163164107419859,2.6418808968974843,4.545027099918572,1.4493721118944423,Iris-versicolor
6.403302869470445,2.913694184519586,4.487109054371533,1.3705146945550395,Iris-virginica
5.141775675788686,3.085362158465296,2.59250598024441,0.6741801325058162,Iris-setosa
5.8705973487010565,2.749879387848574,3.7908536215338042,0.9083362490995117,Iris-versicolor
5.017760728232955,2.82314771183186,2.6459174480791914,0.7389749013180786,Iris-setosa
6.152474540474048,2.608396431845212,3.484851965357403,0.7616555730900234,Iris-setosa
6.478515543748744,2.273667383175696,5.17473439944629,1.6061319164899277,Iris-virginica
5.491392344097833,2.6280016713821754,4.175825415073702,1.6936202457907412,Iris-virginica
5.9964215909161425,3.1564583609339216,3.7206978503846866,1.0405401879252851,Iris-versicolor
6.3594687316157525,3.242498731594092,4.206991467046586,1.3093130314933195,Iris-versicolor
6.051660907665888,2.60907609677779,4.818154602584237,1.550842747584371,Iris-virginica
6.794744510333164,3.8938445016728287,3.5251916053326835,0.9020107873297214,Iris-versicolor
5.23639341403507,3.501268223029831,2.15936505512253,0.6845171162071113,Iris-setosa
5.31430117776387,3.1717523555436675,3.74280330176353,1.5591657723238763,Iris-virginica
5.174240285722525,3.204112650529375,2.73163106412775,0.663774136986416,Iris-setosa
6.4057233610663955,3.189211003211473,4.031591251437853,1.3236222799068345,Iris-versicolor
5.996802390285271,3.258348987284635,3.451969256379495,0.8545562995122167,Iris-setosa
6.264299029817019,3.5538266170594346,3.9714008999760164,1.2748576688177427,Iris-versicolor
5.620008285769386,3.6037360473252775,3.3270969180581274,1.1968032956080006,Iris-versicolor
5.032681889681257,2.6977455783982034,2.02630964268376,0.3535122649537614,Iris-setosa
7.751745604836591,3.3788947871772717,5.055317430994104,1.6097898923735647,Iris-versicolor
6.498064902911441,2.9343532831944485,5.081055239608487,1.773782565286041,Iris-virginica
6.572625689362216,3.33596002813674,4.6128330900808585,1.5602148064724277,Iris-virginica
5.414373715291082,2.5512633047224,4.35542919662135,1.5116861480706865,Iris-virginica
6.42736807987635,3.274610000695482,3.6501772241440587,1.2580278106170344,Iris-versicolor
5.0163674928840445,3.59357477081152,2.957374831541516,0.8730599746613629,Iris-setosa
5.798665967708988,2.8050466130390643,4.231385152083124,1.5392022643141852,Iris-virginica
4.858606030494504,3.6419288246566364,1.7080454245381418,0.514859430692208,Iris-setosa
5.923286102128268,2.865729866709944,4.444732191664762,1.33551468784499,Iris-versicolor
6.805138714235229,3.6783577493336685,4.994418684965795,1.8204679526828205,Iris-virginica
6.6535880521749835,2.681249102244251,6.077926287614693,2.2936443115578946,Iris-virginica
5.9279939533842825,3.482175753481082,3.4997257958972328,1.4995870975425507,Iris-versicolor
7.3632378207845,3.2881632319649703,5.333512029963414,1.5786771046325887,Iris-virginica
6.1695231714834025,2.6950566178136888,5.844098038316,1.8863122660354743,Iris-virginica
5.444188686655127,3.2506866407452897,2.669083623862197,0.9997679328376348,Iris-setosa
5.587586293343524,3.01243141411237,3.199395314588663,0.7552232898002198,Iris-setosa
6.559422874207514,2.7336313110399018,4.757873333458829,1.0745856625624066,Iris-versicolor
6.455647514410984,3.476553282144806,3.853938413951552,1.2473545426319388,Iris-versicolor
6.561232707296343,2.685194821544046,5.444260510056068,1.7533197304515122,Iris-virginica
4.426020148698615,3.88230725019573,1.8415382099758073,0.6909044427891567,Iris-setosa
5.867111768629574,2.87227050092571,4.090440052085968,1.2878527523710446,Iris-virginica
7.127812678558202,3.307407958289796,5.121736438569869,1.8432747299414642,Iris-virginica
5.50481947712123,2.493995855497759,5.062240974440877,1.7117872558962075,Iris-virginica
5.971097622226021,3.912688365823344,2.351679256389759,0.651951026483446,Iris-setosa
5.239401566118976,3.9864729486593626,2.033634178824705,0.5758354113854245,Iris-setosa
5.224655159605248,2.859332318947484,3.699263236978401,1.217982197505276,Iris-versicolor
4.74374361835169,3.8218920859168155,1.577071379832062,0.38605444510052833,Iris-setosa
6.924749784439406,3.0224772258685935,5.420216335646745,1.890644183835578,Iris-virginica
5.7725908328042514,2.4403013807473948,4.322846510294226,1.3996586788455763,Iris-versicolor
4.7456674991921375,2.9446915329246104,3.2466800995821514,0.746048514421868,Iris-setosa
4.658815842509138,3.926076137562726,1.885560848727668,0.46600985643080584,Iris-setosa
7.6648285320163385,2.992792752970254,6.654252486646783,2.1194706876906837,Iris-virginica
6.065600805090053,3.253908073831233,3.6564933078733017,1.0300872610665814,Iris-versicolor
4.9453784709138775,2.854218953774211,2.0762958763567143,0.6193229495139588,Iris-setosa
5.612167588658334,2.4674542224170475,4.285000922955861,1.1205696089550146,Iris-versicolor
4.860971202939158,3.4529325407473532,1.7619246424125319,0.36056244008444505,Iris-setosa
7.748503919789725,2.4822935480736095,6.493717092837821,2.397882389621408,Iris-virginica
7.058369265835651,3.3250514429116236,6.177536427040129,2.2361349908463644,Iris-virginica
4.96271964671911,2.9542013379419987,2.2396140613901805,0.6246040481550146,Iris-setosa
6.95416483212016,1.9836733407905949,6.184215049877364,2.224857674304559,Iris-virginica
5.427134762862374,3.2846322004395327,3.0643942665067896,1.0694876783162772,Iris-setosa
5.823154565915962,2.6737200045273437,3.7859816346475044,1.2222644779699585,Iris-versicolor
4.9910280601774,2.8679289253418494,3.1149889440930925,0.9249377104228007,Iris-setosa
5.069542729270157,3.914013233959851,1.8565227531332364,0.41248710490623974,Iris-setosa
5.833529805975099,3.194357916789452,3.932777826716564,1.0047931212093124,Iris-versicolor
6.148770778566754,3.0504052857528854,3.9473229234309444,1.4111202595499117,Iris-versicolor
6.403535760892374,2.0975011349461647,6.459928028063944,2.218556651368389,Iris-virginica
4.674614258112176,3.0826967459130783,1.950593552351805,0.3888880865600014,Iris-setosa
4.527836139820013,3.7670029823615065,1.2803308862985538,0.2587355868501461,Iris-setosa
5.244751666576715,3.3087342288949055,1.93474157034086,0.5605073252387458,Iris-setosa
6.231282984167907,3.0103286152437443,4.253033797534915,1.3085440594706559,Iris-versicolor
5.0239274338451,3.5968247491307905,2.196056141413642,0.6012546340587359,Iris-setosa
5.055390471103375,3.7034927466102885,1.4272861221496154,0.2619061236817505,Iris-setosa
6.975666491972941,3.2284215465126787,4.34964843751724,1.5559066554720045,Iris-versicolor
5.941637917087807,2.9309080250327195,3.6054717511143695,1.2072135666386077,Iris-versicolor
6.495317758092732,3.751634844112706,3.054118828059948,0.7526695384740718,Iris-setosa
6.506010232685259,2.9435456920512344,4.781578692521705,1.530383257206311,Iris-versicolor
5.869522664150567,3.431584448271553,3.6533399452801985,0.9150271530948817,Iris-versicolor
5.160586659580239,2.90113980700629,3.747312552074181,1.3395877670646048,Iris-versicolor
4.342929342810083,3.1797749539985465,1.128045566210027,0.19542681439799559,Iris-setosa
5.1056287611658515,2.962853034587525,3.8930462109876576,1.4710863153526035,Iris-versicolor
6.082891158416131,3.460678309237261,2.9343324589288127,1.0306163303644158,Iris-versicolor
4.991347319197937,2.7305026852924743,2.9465209309271527,1.1908350806974632,Iris-versicolor
7.343120967167854,3.202562857150876,4.968492720323246,1.65138569286679,Iris-versicolor
7.295756722099654,2.4700693015104243,6.5459638507475955,2.3637735053143896,Iris-virginica
5.226598914060476,3.2294383044218886,3.568181053681346,1.368953213598368,Iris-versicolor
7.895735979782946,2.7649565226707487,6.9472019529978395,2.5091215608564594,Iris-virginica
5.444553655116296,2.270767547473989,4.1045375713440535,1.1745800216300304,Iris-virginica
6.097297609170635,3.136625685410496,3.88629006586676,1.547195984805541,Iris-versicolor
7.49472157309551,3.238917932840165,6.403115445919166,2.2858207634615857,Iris-virginica
4.832213164058907,3.121370662442571,2.0940069458058677,0.3222574961415481,Iris-setosa
5.513436543182435,3.2313326714572934,2.712129847113097,0.7601375979898753,Iris-setosa
5.342774155842712,3.855008327880407,2.3229012100277866,0.845994372098628,Iris-setosa
5.709691715989797,2.314825279414893,4.896043579268674,1.8381346410056887,Iris-virginica
4.338047776962116,3.5155443181372,1.007781299763773,0.12055252117520854,Iris-setosa
5.2685612944354006,1.989178102131442,4.410235111023268,1.5390614687699786,Iris-versicolor
5.1180934344007545,2.5688117121056373,3.082820113968698,0.6477451865559443,Iris-setosa
5.596820905827208,2.9281194293367108,3.7066398642138414,0.95265651455798,Iris-versicolor
5.876037241086518,3.7497382026569843,3.789285254879569,1.3536113022890668,Iris-versicolor
5.412322736826329,3.738592933943631,2.240931873271437,0.7498778133618813,Iris-setosa
5.2187220809946595,3.546137244729861,2.6086067998278164,0.75556930144418,Iris-setosa
5.796494228743967,3.476264065325276,3.0433100400285182,1.2612584120998713,Iris-setosa
4.56574208613687,3.4294090284698533,1.694657638049736,0.31968854031533933,Iris-setosa
